40
50
41 29 29 29 29 29 29 29 29 29 29 29 29 29 29 29 29 29 29 29 29 29 29 29 29 29 29 29 29 29 29 29 29 29 29 29 29 29 29 42
27 3 3 20 3 3 3 3 3 3 20 3 3 3 3 3 20 3 3 20 3 3 3 20 3 3 3 3 3 3 3 3 3 20 50 51 52 53 54 25
27 3 3 20 3 3 3 3 3 3 20 3 3 3 3 3 20 3 3 20 3 3 3 20 3 3 3 3 3 3 3 3 3 20 60 61 62 63 64 25
27 3 3 20 20 20 20 3 3 3 20 3 3 20 3 3 20 3 3 20 3 3 3 20 3 3 20 20 20 20 20 20 20 20 70 71 72 73 74 25
27 3 3 3 3 3 20 3 3 3 3 3 3 20 3 3 20 3 3 3 3 3 3 20 3 3 20 3 3 3 3 3 3 20 3 3 3 3 3 25
27 3 3 3 3 3 20 3 3 3 3 3 3 20 3 3 20 3 3 3 3 3 3 20 3 3 20 3 3 3 3 3 3 20 3 3 3 3 3 25
27 3 3 3 3 3 20 20 20 20 20 20 20 20 3 3 20 3 3 3 3 3 3 20 3 3 20 3 3 3 3 3 3 20 3 3 3 3 3 25
27 3 3 20 3 3 3 3 3 3 20 3 3 3 3 3 20 20 20 20 3 3 3 20 3 3 20 3 3 3 20 3 3 20 20 20 3 3 3 25
27 3 3 20 3 3 3 3 3 3 20 3 3 3 3 3 3 3 3 20 3 3 3 20 3 3 20 3 3 3 20 3 3 20 3 3 3 3 3 25
27 3 3 20 3 3 3 3 3 3 20 3 3 3 3 3 3 3 3 20 3 3 3 20 3 3 20 3 3 3 20 3 3 20 3 3 3 3 3 25
27 3 3 20 20 20 20 20 20 20 20 20 20 20 20 20 20 3 3 20 3 3 3 20 3 3 20 3 3 3 20 3 3 20 3 3 20 3 3 25
27 3 3 20 3 3 3 3 3 3 20 3 3 3 3 3 20 3 3 20 3 3 3 20 3 3 20 3 3 3 20 3 3 20 3 3 20 3 3 25
27 3 3 20 3 3 3 3 3 3 20 3 3 3 3 3 20 3 3 20 3 3 3 20 3 3 20 3 3 3 20 3 3 20 3 3 20 3 3 25
27 3 3 20 3 3 20 20 20 20 20 20 20 20 3 3 20 3 3 20 3 3 3 20 3 3 20 3 3 3 20 3 3 20 3 3 20 20 20 25
27 3 3 20 3 3 3 3 3 3 3 3 3 20 3 3 3 3 3 20 3 3 3 3 3 3 20 3 3 3 20 3 3 3 3 3 3 3 3 25
27 3 3 20 3 3 3 3 3 3 3 3 3 20 3 3 3 3 3 20 3 3 3 3 3 3 20 3 3 3 20 3 3 3 3 3 3 3 3 25
27 3 3 20 3 3 20 20 20 20 3 3 3 20 3 3 20 20 20 20 20 20 20 20 20 20 20 3 3 3 20 20 20 20 20 20 20 20 20 25
27 3 3 20 3 3 3 3 3 20 3 3 3 20 3 3 20 3 3 3 3 3 3 3 3 3 20 3 3 3 3 3 3 3 3 3 3 3 3 25
27 3 3 20 3 3 3 3 3 20 3 3 3 20 3 3 20 3 3 3 3 3 3 3 3 3 20 3 3 3 3 3 3 3 3 3 3 3 3 25
27 3 3 20 3 3 3 3 3 20 3 3 3 20 3 3 20 3 3 20 20 20 20 20 20 20 20 20 20 20 20 3 3 20 20 20 20 20 20 25
27 3 3 20 3 3 20 3 3 20 3 3 3 20 3 3 20 3 3 20 20 20 20 20 20 20 20 20 20 20 20 3 3 20 20 20 20 20 20 25
27 3 3 3 3 3 20 3 3 20 3 3 3 20 3 3 20 3 3 20 3 3 3 3 3 3 3 3 3 3 20 3 3 20 3 3 3 3 3 25
27 3 3 3 3 3 20 3 3 20 3 3 3 20 3 3 20 3 3 20 3 3 3 3 3 3 3 3 3 3 20 3 3 20 3 3 3 3 3 25
27 20 20 20 20 20 20 3 3 20 3 3 3 20 3 3 20 3 3 20 3 3 3 20 20 20 20 20 20 20 20 3 3 20 3 3 20 3 3 25
27 3 3 3 3 3 20 3 3 20 3 3 3 20 3 3 20 3 3 20 3 3 3 3 3 3 20 3 3 3 20 3 3 20 3 3 20 3 3 25
27 3 3 3 3 3 20 3 3 20 3 3 3 20 3 3 20 3 3 20 3 3 3 3 3 3 20 3 3 3 20 3 3 20 3 3 20 3 3 25
27 3 3 20 20 20 20 3 3 20 3 3 3 20 3 3 20 3 3 20 20 20 20 3 3 3 20 3 3 3 20 3 3 3 3 3 20 3 3 25
27 3 3 20 3 3 3 3 3 20 3 3 3 20 3 3 20 3 3 20 3 3 3 3 3 3 20 3 3 3 20 3 3 3 3 3 20 3 3 25
27 3 3 20 3 3 3 3 3 20 3 3 3 20 3 3 3 3 3 20 3 3 3 3 3 3 20 3 3 3 20 3 3 3 3 3 20 3 3 25
27 3 3 20 20 20 20 20 20 20 3 3 3 20 3 3 3 3 3 20 3 3 3 3 3 3 20 3 3 3 20 3 3 3 3 3 20 3 3 25
27 3 3 20 20 20 20 20 20 20 3 3 3 20 3 3 3 3 3 20 3 3 3 20 20 20 20 3 3 3 20 20 20 20 20 20 20 3 3 25
27 3 3 20 3 3 3 3 3 20 3 3 3 20 20 20 20 20 20 20 3 3 3 20 3 3 3 3 3 3 3 3 3 3 3 3 3 3 3 25
27 3 3 20 3 3 3 3 3 20 3 3 3 20 3 3 20 3 3 20 3 3 3 20 3 3 3 3 3 3 3 3 3 3 3 3 3 3 3 25
27 3 3 20 3 3 20 3 3 20 3 3 3 20 3 3 20 3 3 20 3 3 3 20 3 3 20 20 20 20 20 3 3 20 20 20 20 3 3 25
27 3 3 20 3 3 20 3 3 3 3 3 3 3 3 3 20 3 3 20 3 3 3 20 3 3 3 3 3 3 20 3 3 20 3 3 3 3 3 25
27 3 3 20 3 3 20 3 3 3 3 3 3 3 3 3 20 3 3 20 3 3 3 20 3 3 3 3 3 3 20 3 3 20 3 3 3 3 3 25
27 3 3 20 3 3 20 20 20 20 20 20 20 20 20 20 20 3 3 20 3 3 3 20 20 20 20 3 3 3 20 3 3 20 3 3 20 20 20 25
27 3 3 3 3 3 3 3 3 3 3 3 3 3 3 3 3 3 3 20 3 3 3 20 3 3 20 3 3 3 20 3 3 20 3 3 3 3 3 25
27 3 3 3 3 3 3 3 3 3 3 3 3 3 3 3 3 3 3 20 3 3 3 20 3 3 20 3 3 3 20 3 3 20 3 3 3 3 3 25
27 3 3 20 20 20 20 20 20 20 20 20 20 20 20 20 20 20 20 20 3 3 3 20 3 3 20 3 3 3 20 3 3 20 20 20 20 3 3 25
27 3 3 20 20 20 20 20 20 20 20 20 20 20 20 20 20 20 20 20 3 3 3 20 3 3 20 3 3 3 20 3 3 20 20 20 20 3 3 25
27 3 3 20 3 3 3 3 3 3 3 3 3 3 3 3 20 3 3 3 3 3 3 3 3 3 20 3 3 3 20 3 3 20 3 3 3 3 3 25
27 3 3 20 3 3 3 3 3 3 3 3 3 3 3 3 20 3 3 3 3 3 3 3 3 3 20 3 3 3 20 3 3 20 3 3 3 3 3 25
27 3 3 3 3 3 3 3 3 20 20 20 20 20 20 20 20 3 3 20 20 20 20 20 20 20 20 3 3 3 20 3 3 20 20 20 20 3 3 25
27 3 3 3 3 3 3 3 3 3 3 3 3 3 3 3 3 3 3 20 3 3 3 3 3 3 20 3 3 3 20 3 3 20 3 3 20 3 3 25
27 3 3 3 3 3 3 3 3 3 3 3 3 3 3 3 3 3 3 20 3 3 3 3 3 3 20 3 3 3 20 3 3 20 3 3 20 3 3 25
27 3 3 3 3 3 3 3 3 3 20 20 20 20 20 20 20 20 20 20 3 3 3 20 20 20 20 3 3 3 20 3 3 20 3 3 20 3 3 25
27 3 3 3 3 3 3 3 3 3 3 3 3 3 3 3 3 3 3 3 3 3 3 3 3 3 3 3 3 3 20 3 3 3 3 3 20 3 3 25
27 3 3 3 3 3 3 3 3 3 3 3 3 3 3 3 3 3 3 3 3 3 3 3 3 3 3 3 3 3 20 3 3 3 3 3 20 3 3 25
43 23 23 23 23 23 23 23 23 23 23 23 23 23 23 23 23 23 23 23 23 23 23 23 23 23 23 23 23 23 23 23 23 23 23 23 23 23 23 44

